temp/noaa.asc
ncols        144
nrows        72
xllcorner    0.000000000000
yllcorner    -90.000000000000
cellsize     2.500000000000
NODATA_value -9.9692099683868690468e+36
[rows 18 to 35 of 72, columns 80 to 119 of 144]
2.2654545307159423828 2.3109090328216552734 2.4181818962097167969 2.3536362648010253906 2.4190909862518310547 2.6118180751800537109 2.6754546165466308594 2.6209089756011962891 2.6931817531585693359 2.3236362934112548828 2.0550000667572021484 1.9463636875152587891 1.6927273273468017578 1.6413636207580566406 2.8509089946746826172 1.6095454692840576172 0.72863638401031494141 0.97181820869445800781 0.81545454263687133789 0.93500000238418579102 1.1850000619888305664 1.1654545068740844727 1.4772727489471435547 1.4336364269256591797 1.9218182563781738281 2.1718182563781738281 2.5236363410949707031 2.5750000476837158203 2.5386364459991455078 2.5099999904632568359 2.4549999237060546875 2.5899999141693115234 2.4418182373046875 2.6490910053253173828 2.5981817245483398438 3.3640909194946289062 3.0413637161254882812 3.2959091663360595703 3.5063636302947998047 3.5581817626953125
2.7577273845672607422 2.4377272129058837891 2.5277273654937744141 2.4549999237060546875 2.2845454216003417969 2.4422726631164550781 2.5699999332427978516 2.4045455455780029297 2.7290909290313720703 2.1813635826110839844 2.1931817531585693359 1.7377272844314575195 1.5686364173889160156 1.3495454788208007812 2.1109089851379394531 1.375 0.63999998569488525391 0.59500002861022949219 0.52318179607391357422 1.1318181753158569336 0.92909091711044311523 1.0963636636734008789 1.3304545879364013672 1.4722727537155151367 1.9772727489471435547 2.4090909957885742188 2.7304544448852539062 2.7631819248199462891 2.9445455074310302734 2.9804544448852539062 2.9149999618530273438 2.9922728538513183594 2.7581818103790283203 2.9568181037902832031 3.2154545783996582031 3.4495453834533691406 3.7504546642303466797 4.4009089469909667969 4.7781815528869628906 4.97954559326171875
3.0131819248199462891 2.9027273654937744141 2.7540907859802246094 2.4386363029479980469 2.4413635730743408203 2.7690908908843994141 2.7450001239776611328 2.6086363792419433594 2.3499999046325683594 1.8718181848526000977 2.0722727775573730469 1.990454554557800293 1.428181767463684082 1.0490908622741699219 1.4127272367477416992 1.3027273416519165039 0.62590909004211425781 0.59863638877868652344 0.82727271318435668945 1.9227273464202880859 0.77272725105285644531 1.1731817722320556641 1.2463636398315429688 1.3763636350631713867 1.8522727489471435547 2.5136363506317138672 3.1418182849884033203 3.3550000190734863281 3.4140908718109130859 3.3522727489471435547 3.0881817340850830078 2.8954546451568603516 2.8090908527374267578 2.8018181324005126953 3.1518182754516601562 4.0149998664855957031 5.1777272224426269531 6.27045440673828125 6.6100001335144042969 6.4454545974731445312
2.1195454597473144531 2.4090909957885742188 2.5645453929901123047 2.6518182754516601562 2.7622728347778320312 2.7468180656433105469 2.375 2.2109091281890869141 2.0363636016845703125 1.7677272558212280273 1.634545445442199707 1.6295454502105712891 1.1195454597473144531 0.84727275371551513672 0.89136362075805664062 0.63136363029479980469 0.514545440673828125 0.21999999880790710449 0.60272729396820068359 0.60727274417877197266 0.54863637685775756836 0.65454542636871337891 0.90590906143188476562 1.2981817722320556641 2.0509090423583984375 2.9263637065887451172 3.5636363029479980469 3.8722727298736572266 3.9604544639587402344 3.4831817150115966797 3.3445453643798828125 3.0299999713897705078 2.7631819248199462891 2.6586363315582275391 4.1122727394104003906 4.735454559326171875 6.5018181800842285156 5.7281818389892578125 5.3445453643798828125 5.6495456695556640625
1.8250000476837158203 2.3086364269256591797 1.8436363935470581055 2.6981818675994873047 2.043636322021484375 2.0099999904632568359 1.9340909719467163086 1.8081818819046020508 1.6263636350631713867 1.4227272272109985352 1.2127273082733154297 0.96409088373184204102 0.93590909242630004883 0.68636363744735717773 0.64545452594757080078 0.68090909719467163086 0.5954545140266418457 0.3677272796630859375 0.22499999403953552246 0.40727272629737854004 0.29545456171035766602 0.37181818485260009766 0.63909089565277099609 1.2254545688629150391 1.9586364030838012695 2.8104546070098876953 3.9349999427795410156 4.4445452690124511719 4.5927271842956542969 3.8622727394104003906 3.1981818675994873047 2.6113636493682861328 2.4368181228637695312 2.5609090328216552734 4.1531815528869628906 3.8968181610107421875 4.1113638877868652344 3.5154545307159423828 3.9722726345062255859 3.9568181037902832031
1.7227272987365722656 1.389545440673828125 1.9254544973373413086 1.8468182086944580078 1.5299999713897705078 1.9654545783996582031 1.40409088134765625 1.1354545354843139648 1.0345454216003417969 1.2681818008422851562 1.1436363458633422852 0.60181820392608642578 0.62181818485260009766 0.47909089922904968262 0.43500000238418579102 0.35545453429222106934 0.33454546332359313965 0.29954546689987182617 0.14136363565921783447 0.20954546332359313965 0.22363635897636413574 0.25545454025268554688 0.43590909242630004883 1.0040909051895141602 1.7172727584838867188 2.3936362266540527344 3.5618181228637695312 4.6981816291809082031 4.3881816864013671875 3.1295454502105712891 2.5968182086944580078 2.4790909290313720703 3.22090911865234375 3.1690909862518310547 3.3068182468414306641 2.6445455551147460938 3.1840908527374267578 3.4822726249694824219 3.2577271461486816406 3.0690908432006835938
0.8822727203369140625 1.1472727060317993164 1.4181817770004272461 1.1799999475479125977 1.2890908718109130859 1.7599999904632568359 1.1599999666213989258 1 1.1990909576416015625 1.1113636493682861328 0.79227274656295776367 0.65818178653717041016 0.55409091711044311523 0.47999998927116394043 0.32772728800773620605 0.15272727608680725098 0.24090908467769622803 0.1068181842565536499 0.060909092426300048828 0.11181817948818206787 0.21818181872367858887 0.32636362314224243164 0.66772729158401489258 1.1668181419372558594 1.5681818723678588867 2.3040909767150878906 2.6881818771362304688 3.9659090042114257812 4.04636383056640625 3.9422726631164550781 2.40409088134765625 2.1327273845672607422 2.8881816864013671875 2.5227272510528564453 2.7518181800842285156 2.7704546451568603516 2.9809091091156005859 2.4204545021057128906 2.6372728347778320312 3.1818182468414306641
0.60681819915771484375 0.93272727727890014648 1.0127272605895996094 1.1981818675994873047 0.94045454263687133789 1.0472726821899414062 0.86909091472625732422 1.173636317253112793 1.2490909099578857422 0.82409089803695678711 0.79318183660507202148 0.76363635063171386719 0.64863640069961547852 0.40090909600257873535 0.30000001192092895508 0.16363635659217834473 0.27363637089729309082 0.25681817531585693359 0.035909090191125869751 0.079999998211860656738 0.12636363506317138672 0.20454545319080352783 0.31818181276321411133 0.75181818008422851562 1.3695454597473144531 2.9195454120635986328 3.2813637256622314453 3.4850001335144042969 3.456363677978515625 3.5127272605895996094 2.7527272701263427734 2.0995454788208007812 2.4168181419372558594 2.0972726345062255859 1.6140909194946289062 2.1863636970520019531 2.2422726154327392578 2.7981817722320556641 3.6045453548431396484 3.4981818199157714844
0.56454545259475708008 0.69045454263687133789 1.2236363887786865234 1.0527272224426269531 0.92818182706832885742 0.90318185091018676758 0.85181820392608642578 0.75045454502105712891 0.96090912818908691406 0.68454545736312866211 0.63681817054748535156 0.8090909123420715332 0.68590909242630004883 0.45681816339492797852 0.39636364579200744629 0.34363636374473571777 0.42818182706832885742 0.49136364459991455078 0.38863635063171386719 0.019545454531908035278 0.036818180233240127563 0.14272727072238922119 0.14181818068027496338 0.84909087419509887695 1.3422727584838867188 2.5336363315582275391 2.3209090232849121094 2.1645455360412597656 2.1563637256622314453 2.4740908145904541016 2.0372726917266845703 1.8345454931259155273 1.9290908575057983398 2 1.7222727537155151367 1.7640908956527709961 2.1918182373046875 2.6131818294525146484 2.8686363697052001953 3.1300001144409179688
0.76227271556854248047 0.84045451879501342773 1.0690909624099731445 0.92318183183670043945 0.91545456647872924805 0.99090909957885742188 0.79090911149978637695 0.86272728443145751953 1.0140908956527709961 0.80545455217361450195 0.91227269172668457031 0.66772729158401489258 0.81863635778427124023 0.70681816339492797852 0.6177272796630859375 0.65727275609970092773 0.70999997854232788086 0.77045452594757080078 0.63863635063171386719 0.54318183660507202148 0.52409088611602783203 0.087727271020412445068 0.125 0.47136363387107849121 1.6668181419372558594 1.7236363887786865234 1.5418181419372558594 1.0695455074310302734 1.5249999761581420898 1.5550000667572021484 1.9659090042114257812 1.8390909433364868164 1.7809090614318847656 1.5672727823257446289 1.5349999666213989258 1.8486363887786865234 2.0336363315582275391 2.0063636302947998047 1.5750000476837158203 1.480454564094543457
0.88818180561065673828 0.90227270126342773438 1.0454545021057128906 1.0777273178100585938 1.1740908622741699219 1.2854545116424560547 1.2086364030838012695 1.3081817626953125 1.3213636875152587891 1.1449999809265136719 1.2495454549789428711 1.0068181753158569336 1.09590911865234375 0.94454544782638549805 0.94727271795272827148 1.0409090518951416016 1.1259090900421142578 1.0027272701263427734 0.8159090876579284668 0.81545454263687133789 0.68727272748947143555 0.0422727242112159729 0.064999997615814208984 0.32181817293167114258 0.78590911626815795898 1.4763636589050292969 1.1640908718109130859 1.134545445442199707 1.4604545831680297852 1.4618182182312011719 1.4545454978942871094 1.1050000190734863281 1.0918182134628295898 1.3772727251052856445 1.5163636207580566406 2.4072728157043457031 2.4363636970520019531 1.7963635921478271484 1.0645453929901123047 1.2709090709686279297
0.90909093618392944336 1.038636326789855957 1.1545454263687133789 1.1677272319793701172 1.4027272462844848633 1.1890908479690551758 1.2849999666213989258 1.355454564094543457 1.4945454597473144531 1.2509090900421142578 1.2372727394104003906 1.2081818580627441406 1.090909123420715332 1.0118181705474853516 1.0331817865371704102 1.0181818008422851562 1.2109091281890869141 0.89909088611602783203 0.8018181920051574707 0.68863636255264282227 0.75772726535797119141 0.59909093379974365234 0.64590907096862792969 0.088636361062526702881 0.38045454025268554688 0.71545451879501342773 0.86545455455780029297 1.4609091281890869141 1.5972727537155151367 1.8445454835891723633 2.0754544734954833984 1.1504545211791992188 0.5590909123420715332 0.83545452356338500977 1.3877272605895996094 1.5136363506317138672 1.6045454740524291992 1.3650000095367431641 0.84454548358917236328 1.3386363983154296875
1.1068181991577148438 1.3609091043472290039 1.3877272605895996094 1.4059090614318847656 1.6749999523162841797 1.2586363554000854492 1.3386363983154296875 1.0527272224426269531 0.98954546451568603516 1.418636322021484375 1.2813636064529418945 1.1649999618530273438 1.1890909671783447266 1.1468181610107421875 1.3400000333786010742 1.649090886116027832 1.3513636589050292969 1.1972726583480834961 1.3004544973373413086 1.2350000143051147461 1.0990909337997436523 0.82409089803695678711 1.1840908527374267578 0.79863637685775756836 0.67181819677352905273 0.75227272510528564453 1.2154545783996582031 1.5490909814834594727 1.4099999666213989258 1.188181757926940918 1.8400000333786010742 1.8763636350631713867 2.0063636302947998047 1.4750000238418579102 1.4927272796630859375 1.6786363124847412109 1.6918181180953979492 1.3350000381469726562 0.99545454978942871094 1.4154545068740844727
1.5163636207580566406 1.803181767463684082 1.870000004768371582 1.9600000381469726562 1.8527272939682006836 1.5395454168319702148 1.4486364126205444336 1.5409090518951416016 1.442727208137512207 1.4554545879364013672 1.9772727489471435547 2.2368180751800537109 2.4177272319793701172 2.8418180942535400391 3.3336362838745117188 3.6168181896209716797 3.7254545688629150391 4.5363636016845703125 3.9436364173889160156 4.6068181991577148438 3.4072728157043457031 2.383636474609375 1.8331818580627441406 1.2250000238418579102 1.0327272415161132812 0.85181820392608642578 1.5922727584838867188 1.5977272987365722656 2.0077273845672607422 1.1954545974731445312 2.8872725963592529297 3.1595454216003417969 3.3172726631164550781 0.87590909004211425781 1.2218182086944580078 1.9268181324005126953 2.0550000667572021484 1.6786364316940307617 0.7572727203369140625 1.6568181514739990234
3.9713635444641113281 3.8636362552642822266 4.2604546546936035156 4.485454559326171875 4.5581817626953125 4.4113636016845703125 4.3009090423583984375 4.2395453453063964844 4.5804543495178222656 4.9836363792419433594 5.7513637542724609375 6.0740909576416015625 6.8113636970520019531 6.6054544448852539062 7.4499998092651367188 8.430454254150390625 8.1086359024047851562 8.5545454025268554688 8.3904542922973632812 7.773181915283203125 5.9490909576416015625 4.7481818199157714844 4.1186366081237792969 3.3263635635375976562 2.6154544353485107422 2.2327272891998291016 2.0545454025268554688 1.9531818628311157227 4.1822729110717773438 4.389545440673828125 4.6622729301452636719 3.7740910053253173828 4.3686361312866210938 5.4377274513244628906 4.0259089469909667969 4.3786363601684570312 3.3013637065887451172 1.9968181848526000977 1.2677272558212280273 2.0595455169677734375
10.1659088134765625 9.64545440673828125 8.2572727203369140625 8.793636322021484375 9.4513635635375976562 8.509090423583984375 8.8531818389892578125 8.9590911865234375 9.2918186187744140625 9.726818084716796875 10.669091224670410156 10.254545211791992188 10.35772705078125 10.924091339111328125 11.014090538024902344 11.187726974487304688 10.676363945007324219 9.4668178558349609375 8.8740911483764648438 8.6954545974731445312 7.7509088516235351562 6.6259088516235351562 6.3804545402526855469 6.264545440673828125 6.5327272415161132812 7.1827273368835449219 8.168636322021484375 8.88045501708984375 10.149090766906738281 8.468181610107421875 7.7818179130554199219 6.8577275276184082031 10.11954498291015625 10.229999542236328125 6.2281818389892578125 5.7990908622741699219 6.6954545974731445312 4.8231816291809082031 3.7313635349273681641 3.4509091377258300781
8.3322725296020507812 8.42136383056640625 7.322727203369140625 8.5836362838745117188 7.5950002670288085938 7.0213637351989746094 7.2822728157043457031 7.0318179130554199219 6.6995453834533691406 6.5472726821899414062 6.8550000190734863281 6.4136362075805664062 6.7622728347778320312 7.5949997901916503906 6.7163634300231933594 7.1063637733459472656 7.1245455741882324219 7.0354547500610351562 6.0372729301452636719 6.5218181610107421875 5.9499998092651367188 6.206363677978515625 6.1681818962097167969 7.2899999618530273438 7.1654543876647949219 7.97090911865234375 8.4627275466918945312 8.6731815338134765625 9.6695451736450195312 9.5627269744873046875 7.0372729301452636719 6.8531818389892578125 6.1804547309875488281 6.5877270698547363281 9.098636627197265625 10.108635902404785156 10.522727012634277344 11.271818161010742188 6.5450000762939453125 4.3440909385681152344
4.1536364555358886719 3.9059090614318847656 3.2436363697052001953 2.8318181037902832031 2.4400000572204589844 2.6536364555358886719 2.3763635158538818359 2.7672727108001708984 2.6068181991577148438 2.5940909385681152344 2.3727273941040039062 2.0604546070098876953 1.9313635826110839844 2.476818084716796875 2.2154545783996582031 2.0690908432006835938 2.1922726631164550781 2.3590908050537109375 2.4409091472625732422 2.7231817245483398438 2.8054544925689697266 3.1740908622741699219 2.7100000381469726562 2.7890908718109130859 3.2718181610107421875 3.0359091758728027344 2.7518181800842285156 2.5081818103790283203 2.7031817436218261719 2.7754545211791992188 4.1377272605895996094 5.668636322021484375 4.2863636016845703125 4.3554544448852539062 9.4227275848388671875 11.373182296752929688 11.185909271240234375 9.6936359405517578125 6.9609093666076660156 6.310909271240234375
