temp/noaa.asc
ncols        144
nrows        72
xllcorner    0.000000000000
yllcorner    -90.000000000000
cellsize     2.500000000000
NODATA_value -9.9692099683868690468e+36
[rows 54 to 71 of 72, columns 80 to 119 of 144]
2.1354546546936035156 2.4004545211791992188 2.1436364650726318359 2.1795454025268554688 2.1513636112213134766 2.2036364078521728516 2.0109090805053710938 2.3422727584838867188 2.4345455169677734375 2.2827272415161132812 2.2786364555358886719 2.3150000572204589844 2.1427273750305175781 1.9336364269256591797 2.1949999332427978516 2.1513636112213134766 2.3640909194946289062 2.2336363792419433594 2.3936364650726318359 2.1518182754516601562 2.5204546451568603516 2.4531817436218261719 2.7404544353485107422 2.7995455265045166016 2.6936364173889160156 2.5536363124847412109 2.4304544925689697266 2.2722728252410888672 2.6059091091156005859 2.6472728252410888672 2.3322727680206298828 2.1904544830322265625 2.6700000762939453125 2.5699999332427978516 3.7863636016845703125 2.0140910148620605469 1.0040909051895141602 0.86681818962097167969 1.2486363649368286133 1.6609090566635131836
2.0372726917266845703 1.9840909242630004883 2.1409091949462890625 2.0672726631164550781 1.9959090948104858398 1.817727208137512207 2.3127272129058837891 2.3299999237060546875 2.2140908241271972656 2.1854546070098876953 2.1313636302947998047 2.1177272796630859375 1.9131817817687988281 1.7286363840103149414 1.6095454692840576172 1.6777272224426269531 1.7909090518951416016 1.9531818628311157227 1.913636326789855957 1.8009090423583984375 1.8500000238418579102 2.0650000572204589844 2.2772727012634277344 2.3004546165466308594 2.3318181037902832031 2.0904545783996582031 1.9086363315582275391 2.4804544448852539062 2.4440908432006835938 2.1577272415161132812 2.3913636207580566406 2.3409090042114257812 3.1313636302947998047 2.523181915283203125 1.2140909433364868164 0.75272727012634277344 0.66409093141555786133 0.74772727489471435547 1.0859091281890869141 1.1486363410949707031
2.1709091663360595703 2.1227273941040039062 2.4154546260833740234 2.2509090900421142578 1.9231818914413452148 1.7077273130416870117 2.1577272415161132812 2.3840909004211425781 2.1522727012634277344 2.0222728252410888672 2.0368182659149169922 2.3945455551147460938 2.2086362838745117188 2.0540909767150878906 1.6431818008422851562 1.6522727012634277344 1.5427272319793701172 1.5936363935470581055 1.6777272224426269531 1.7272727489471435547 1.6836363077163696289 1.8477272987365722656 1.6131818294525146484 1.740454554557800293 1.9095454216003417969 1.8513636589050292969 1.8581818342208862305 2.1186363697052001953 2.0890908241271972656 2.197727203369140625 2.2449998855590820312 2.351818084716796875 2.8240909576416015625 2.389545440673828125 2.4509091377258300781 1.0449999570846557617 0.82499998807907104492 0.78954547643661499023 0.98409092426300048828 1.0381817817687988281
1.6236363649368286133 1.9881818294525146484 1.735454559326171875 1.8713636398315429688 2.0313637256622314453 1.9386363029479980469 1.8545454740524291992 2.0381817817687988281 1.7509090900421142578 1.7718181610107421875 1.9209090471267700195 1.9895454645156860352 1.8445454835891723633 1.5654546022415161133 1.5700000524520874023 1.5409090518951416016 1.4609091281890869141 1.5368181467056274414 1.350909113883972168 1.5322726964950561523 1.5390908718109130859 1.8004544973373413086 1.8536363840103149414 1.7913635969161987305 1.7368181943893432617 1.8199999332427978516 1.8022726774215698242 1.6186363697052001953 1.9013636112213134766 1.4422727823257446289 1.4504545927047729492 1.9390909671783447266 2.2213635444641113281 2.1377272605895996094 1.7559090852737426758 1.1077272891998291016 1.4018181562423706055 0.92954546213150024414 1.0027272701263427734 1.3300000429153442383
1.4459091424942016602 1.3368182182312011719 1.4345453977584838867 1.5945454835891723633 1.3918181657791137695 1.3718181848526000977 1.4790909290313720703 1.360454559326171875 1.5745455026626586914 1.639545440673828125 1.6995455026626586914 1.5918182134628295898 1.6277272701263427734 1.6027272939682006836 1.6486363410949707031 1.2959090471267700195 1.4959090948104858398 1.4968181848526000977 1.5599999427795410156 1.3886363506317138672 1.6022727489471435547 1.4027272462844848633 1.4845454692840576172 1.6972727775573730469 1.6354545354843139648 1.4736363887786865234 1.2854545116424560547 1.4554545879364013672 1.3450000286102294922 1.2763636112213134766 1.3545454740524291992 1.3881818056106567383 1.5149999856948852539 1.5299999713897705078 2.0499999523162841797 1.3813636302947998047 1.3836363554000854492 1.2963637113571166992 1.6281818151473999023 1.4486364126205444336
1.563181757926940918 1.3513636589050292969 1.4013636112213134766 1.4986363649368286133 1.4013636112213134766 1.5977272987365722656 1.2622727155685424805 1.1963635683059692383 1.5890909433364868164 1.5172727108001708984 1.4209090471267700195 1.3454545736312866211 1.2854545116424560547 1.3736363649368286133 1.1545454263687133789 1.3045454025268554688 1.4213635921478271484 1.2572727203369140625 1.2286363840103149414 1.3727272748947143555 1.2531818151473999023 1.2004545927047729492 1.2863636016845703125 1.2350000143051147461 1.4054545164108276367 1.3872727155685424805 1.1536363363265991211 1.4390908479690551758 1.2031818628311157227 1.3995454311370849609 1.0781818628311157227 1.3268182277679443359 1.2504545450210571289 1.3150000572204589844 1.2963635921478271484 1.2277272939682006836 1.3181818723678588867 1.4545454978942871094 1.188181757926940918 1.5736364126205444336
2.5580000877380371094 2.0899999141693115234 1.8860000371932983398 1.8120000362396240234 1.0600000619888305664 1.0499999523162841797 1.1419999599456787109 2.0380001068115234375 1.2419999837875366211 1.3240000009536743164 1.5779999494552612305 1.2560000419616699219 1.4459999799728393555 2.0120000839233398438 1.6920000314712524414 0.98600000143051147461 1.5599999427795410156 1.7739999294281005859 1.0099999904632568359 1.1059999465942382812 1.4040000438690185547 1.7900000810623168945 0.98799997568130493164 1.5559999942779541016 1.5559999942779541016 1.5599999427795410156 1.6920000314712524414 1.895999908447265625 1.5540000200271606445 1 1.2400000095367431641 1.4459999799728393555 1.0780000686645507812 1.3940000534057617188 0.86000001430511474609 0.99199998378753662109 0.83200001716613769531 1.3400000333786010742 1.3999999761581420898 0.71200001239776611328
1.9179999828338623047 1.4839999675750732422 1.488000035285949707 1.4939999580383300781 2.5019998550415039062 1.8580000400543212891 1.3899999856948852539 1.1560000181198120117 1.3479999303817749023 1.866000056266784668 1.7439999580383300781 1.2719999551773071289 2.1340000629425048828 1.9780000448226928711 1.2319999933242797852 1.6679999828338623047 1.4259999990463256836 0.93000000715255737305 2.2839999198913574219 2.7320001125335693359 2.4179999828338623047 1.5820000171661376953 1.5700000524520874023 1.6380000114440917969 1.3619999885559082031 1.5340000391006469727 1.7979999780654907227 1.1819999217987060547 1.4539999961853027344 1.3099999427795410156 0.70200002193450927734 1.6159999370574951172 1.5700000524520874023 1.4140000343322753906 1.2960000038146972656 0.99599999189376831055 1.2599999904632568359 1.625 1.9509091377258300781 1.8690909147262573242
0.31999999284744262695 0.25 0.18666666746139526367 0.15999999642372131348 0.21199999749660491943 0.31999999284744262695 0.55400002002716064453 0.59799998998641967773 0.56000000238418579102 0.53399997949600219727 0.48399999737739562988 0.36599999666213989258 0.33399999141693115234 0.232000008225440979 0.4779999852180480957 0.33599999547004699707 0.3819999992847442627 0.32600000500679016113 0.34000000357627868652 0.28400000929832458496 0.31999999284744262695 0.34799998998641967773 0.22800000011920928955 0.16799999773502349854 0.20999999344348907471 0.22400000691413879395 0.34000000357627868652 0.37399998307228088379 0.31200000643730163574 0.31200000643730163574 0.34000000357627868652 0.31999999284744262695 0.37799999117851257324 0.46400001645088195801 0.73000001907348632812 1.2563636302947998047 1.2809090614318847656 1.8204545974731445312 2.3250000476837158203 2.3581817150115966797
-9.9692099683868690468e+36 -9.9692099683868690468e+36 -9.9692099683868690468e+36 -9.9692099683868690468e+36 -9.9692099683868690468e+36 0.37999999523162841797 0.28000000119209289551 0.36000001430511474609 0.40000000596046447754 -9.9692099683868690468e+36 -9.9692099683868690468e+36 -9.9692099683868690468e+36 -9.9692099683868690468e+36 -9.9692099683868690468e+36 0 0.38999998569488525391 0.28999999165534973145 0.31999999284744262695 0.21999999880790710449 0.375 0.3066666722297668457 0.13333334028720855713 0.11333333700895309448 0.13666667044162750244 0.13500000536441802979 0.14000000059604644775 0.10999999940395355225 0.073333330452442169189 0.22249999642372131348 0.2424999922513961792 0.25799998641014099121 0.34000000357627868652 0.36200001835823059082 0.38600000739097595215 1.1373684406280517578 1.3100000619888305664 1.2768181562423706055 1.2609090805053710938 1.2995454072952270508 1.3345454931259155273
-9.9692099683868690468e+36 -9.9692099683868690468e+36 -9.9692099683868690468e+36 -9.9692099683868690468e+36 -9.9692099683868690468e+36 -9.9692099683868690468e+36 -9.9692099683868690468e+36 -9.9692099683868690468e+36 3.2129411697387695312 3.1618182659149169922 3.0313637256622314453 2.9523530006408691406 2.9295454025268554688 2.9427273273468017578 2.927272796630859375 2.9549999237060546875 2.9659090042114257812 2.985454559326171875 3.0095455646514892578 2.8247058391571044922 -9.9692099683868690468e+36 -9.9692099683868690468e+36 2.8041176795959472656 2.7745454311370849609 2.5713636875152587891 2.3068182468414306641 1.9440909624099731445 1.625 1.4390909671783447266 1.3327273130416870117 1.2518181800842285156 1.2240909337997436523 1.2036364078521728516 1.1699999570846557617 1.1699999570846557617 1.2427272796630859375 1.2300000190734863281 1.22090911865234375 1.2290909290313720703 1.2331818342208862305
2.6029412746429443359 2.8254544734954833984 2.9218182563781738281 2.8494117259979248047 -9.9692099683868690468e+36 2.9811763763427734375 3.2390909194946289062 3.25 3.1263637542724609375 2.9009091854095458984 2.802272796630859375 2.7872726917266845703 2.7513637542724609375 2.7613637447357177734 2.764545440673828125 2.7999999523162841797 2.8259091377258300781 2.8854544162750244141 2.9681818485260009766 2.8222727775573730469 2.8931818008422851562 2.8854544162750244141 2.793636322021484375 2.8163635730743408203 2.6536364555358886719 2.4295454025268554688 2.1136364936828613281 1.8222727775573730469 1.6186363697052001953 1.4718182086944580078 1.3754545450210571289 1.3204545974731445312 1.2863636016845703125 1.2590909004211425781 1.235454559326171875 1.2163636684417724609 1.2000000476837158203 1.1859091520309448242 1.1690908670425415039 1.1618181467056274414
2.5022728443145751953 2.4727272987365722656 2.5631818771362304688 2.7463636398315429688 2.8818182945251464844 2.8645453453063964844 2.9190909862518310547 2.9454545974731445312 2.9390909671783447266 2.8890907764434814453 2.8304545879364013672 2.7890908718109130859 2.7654545307159423828 2.7450001239776611328 2.7381818294525146484 2.7409090995788574219 2.7481818199157714844 2.7754545211791992188 2.8186364173889160156 2.8631818294525146484 2.8786363601684570312 2.8613636493682861328 2.8109090328216552734 2.7154545783996582031 2.6368181705474853516 2.5086362361907958984 2.3059091567993164062 2.0390908718109130859 1.7640908956527709961 1.543636322021484375 1.3968181610107421875 1.3068182468414306641 1.2463636398315429688 1.2059091329574584961 1.1499999761581420898 1.1140909194946289062 1.0822727680206298828 1.0850000381469726562 1.0595453977584838867 1.0695455074310302734
2.2531819343566894531 2.3827273845672607422 2.4495453834533691406 2.5072727203369140625 2.5731818675994873047 2.6322727203369140625 2.6854546070098876953 2.7159090042114257812 2.7350001335144042969 2.7295453548431396484 2.7318181991577148438 2.7309091091156005859 2.7100000381469726562 2.6954545974731445312 2.677272796630859375 2.6613636016845703125 2.6500000953674316406 2.6468181610107421875 2.6386363506317138672 2.6449999809265136719 2.6286363601684570312 2.6027271747589111328 2.5399999618530273438 2.4586362838745117188 2.3363635540008544922 2.2154545783996582031 2.0618181228637695312 1.8872727155685424805 1.6731817722320556641 1.4722727537155151367 1.331363677978515625 1.2350000143051147461 1.1599999666213989258 1.1349999904632568359 1.0809091329574584961 1.0463635921478271484 1.0177272558212280273 0.98318183422088623047 1.0227272510528564453 0.98318183422088623047
2.2431817054748535156 2.1968181133270263672 2.1099998950958251953 2.1554546356201171875 2.2331817150115966797 2.3159091472625732422 2.3722727298736572266 2.3886363506317138672 2.4213635921478271484 2.4395453929901123047 2.4122726917266845703 2.4154546260833740234 2.4077272415161132812 2.3568181991577148438 2.3422727584838867188 2.3195455074310302734 2.2772727012634277344 2.2563636302947998047 2.2231817245483398438 2.1913635730743408203 2.1518182754516601562 2.1022727489471435547 2.0386364459991455078 1.9627273082733154297 1.8727272748947143555 1.7718181610107421875 1.6604545116424560547 1.5427272319793701172 1.4245454072952270508 1.321818232536315918 1.2340909242630004883 1.1627272367477416992 1.1086363792419433594 1.0681818723678588867 1.0354545116424560547 1.0122727155685424805 0.9927272796630859375 0.9777272343635559082 0.95681816339492797852 0.91818183660507202148
1.0218181610107421875 1.3936363458633422852 1.7190909385681152344 1.5413635969161987305 1.5236363410949707031 1.5336363315582275391 1.5409090518951416016 1.5572726726531982422 1.572727203369140625 1.5868182182312011719 1.59590911865234375 1.600909113883972168 1.6145454645156860352 1.6145454645156860352 1.6177272796630859375 1.6268181800842285156 1.6290909051895141602 1.6145454645156860352 1.5981818437576293945 1.6372727155685424805 1.620000004768371582 1.600909113883972168 1.5786364078521728516 1.5854545831680297852 1.5331817865371704102 1.4959090948104858398 1.4468181133270263672 1.3704545497894287109 1.3172726631164550781 1.340909123420715332 1.336363673210144043 1.2754545211791992188 1.2240909337997436523 1.1909091472625732422 1.1663635969161987305 1.1381818056106567383 1.100909113883972168 1.0754545927047729492 1.0445454120635986328 0.98954546451568603516
1.0213636159896850586 1.0536363124847412109 1.0772727727890014648 1.1136363744735717773 1.1218181848526000977 1.1259090900421142578 1.144545435905456543 1.1809090375900268555 1.1945453882217407227 1.1731818914413452148 1.2077273130416870117 1.2027273178100585938 1.1631817817687988281 1.1627272367477416992 1.1677272319793701172 1.1845453977584838867 1.1981818675994873047 1.1463636159896850586 1.1309090852737426758 1.1209090948104858398 1.1081818342208862305 1.0936363935470581055 1.0800000429153442383 1.0577273368835449219 1.0468181371688842773 1.0431817770004272461 1.0204545259475708008 0.99454545974731445312 0.98772728443145751953 0.96045452356338500977 0.92318183183670043945 0.88454544544219970703 0.85409092903137207031 0.83227270841598510742 0.81454545259475708008 0.80227273702621459961 0.77999997138977050781 0.75545454025268554688 0.73090910911560058594 0.7059090733528137207
0.61500000953674316406 0.62227272987365722656 0.62909090518951416016 0.63727271556854248047 0.64181816577911376953 0.6468181610107421875 0.65136361122131347656 0.65681815147399902344 0.66000002622604370117 0.66318184137344360352 0.66590911149978637695 0.66772729158401489258 0.6695454716682434082 0.67181819677352905273 0.67136365175247192383 0.67090910673141479492 0.67090910673141479492 0.66818183660507202148 0.66636365652084350586 0.66409093141555786133 0.66090911626815795898 0.65727269649505615234 0.65909087657928466797 0.65409088134765625 0.64727270603179931641 0.64136362075805664062 0.63545453548431396484 0.62818181514739990234 0.62272727489471435547 0.62318181991577148438 0.62136363983154296875 0.60545456409454345703 0.5954545140266418457 0.58636361360549926758 0.58227270841598510742 0.57954543828964233398 0.56999999284744262695 0.56181818246841430664 0.55454546213150024414 0.54590910673141479492
