temp/noaa.asc
ncols        144
nrows        72
xllcorner    0.000000000000
yllcorner    -90.000000000000
cellsize     2.500000000000
NODATA_value -9.9692099683868690468e+36
[rows 36 to 53 of 72, columns 40 to 79 of 144]
8.9981822967529296875 7.9963636398315429688 7.9504547119140625 9.459545135498046875 9.2536363601684570312 9.5104541778564453125 6.9422726631164550781 5.6509089469909667969 6.3118181228637695312 6.8099999427795410156 6.0372724533081054688 7.0209088325500488281 6.7154545783996582031 7.4231820106506347656 7.3436365127563476562 6.5759091377258300781 8.889545440673828125 8.8295450210571289062 9.1472730636596679688 8.6149997711181640625 9.0009088516235351562 8.8481817245483398438 8.72954559326171875 8.2427272796630859375 8.1431818008422851562 8.1909093856811523438 7.2972726821899414062 6.8259091377258300781 5.9590907096862792969 6.0890908241271972656 5.3600001335144042969 4.6509089469909667969 3.9827272891998291016 3.4336364269256591797 3.2304544448852539062 3.1504545211791992188 3.927272796630859375 3.1590909957885742188 2.6472728252410888672 2.5299999713897705078
8.3850002288818359375 7.9236364364624023438 7.369091033935546875 8.5422725677490234375 9.0399999618530273438 8.06136322021484375 6.9336361885070800781 6.3218183517456054688 7.1290907859802246094 7.5104546546936035156 7.3627271652221679688 7.4900002479553222656 8.2868185043334960938 8.1259088516235351562 8.5563640594482421875 7.1100001335144042969 8.0809087753295898438 10.512272834777832031 12.3168182373046875 9.6240911483764648438 9.2950000762939453125 9.5486364364624023438 9.0854549407958984375 9.3959093093872070312 10.302727699279785156 10.613636016845703125 9.7040910720825195312 9.3218183517456054688 8.5577268600463867188 8.261363983154296875 7.7331819534301757812 7.0654544830322265625 6.1036362648010253906 5.4304547309875488281 5.2627272605895996094 4.8113636970520019531 4.5636363029479980469 4.4886364936828613281 4.1900000572204589844 3.9163637161254882812
9.1913633346557617188 6.7845454216003417969 6.0454545021057128906 6.6100001335144042969 5.6981816291809082031 5.8009090423583984375 6.7950000762939453125 6.2718181610107421875 5.9318180084228515625 6.1563634872436523438 6.8440909385681152344 6.6972727775573730469 7.9618182182312011719 9.0659093856811523438 10.83727264404296875 8.0186367034912109375 10.561818122863769531 10.52045440673828125 10.255908966064453125 9.23818206787109375 7.0768179893493652344 9.552272796630859375 8.185909271240234375 10.059090614318847656 11.246363639831542969 11.050000190734863281 10.880000114440917969 10.146363258361816406 9.7859086990356445312 8.8249998092651367188 8.65409088134765625 9.0481815338134765625 7.9190907478332519531 7.33727264404296875 7.0572729110717773438 7.1459093093872070312 6.58727264404296875 6.215000152587890625 5.82863616943359375 5.4299998283386230469
8.35454559326171875 7.3499999046325683594 7.1463637351989746094 6.5695452690124511719 5.6836361885070800781 5.1631817817687988281 5.4918179512023925781 4.8063635826110839844 4.7713637351989746094 2.9949998855590820312 5.4945454597473144531 5.9786362648010253906 6.5040907859802246094 7.5663638114929199219 9.206363677978515625 6.1559090614318847656 7.5477271080017089844 8.6672725677490234375 6.6445455551147460938 4.9072728157043457031 8.4259090423583984375 9.0904541015625 9.2154550552368164062 9.645000457763671875 9.8622722625732421875 10.739090919494628906 10.910454750061035156 10.477272987365722656 9.8877277374267578125 9.5445451736450195312 8.7145452499389648438 8.2886362075805664062 8.24454498291015625 7.8213634490966796875 7.0009093284606933594 6.8622727394104003906 6.6754546165466308594 6.008636474609375 6.2854547500610351562 6.0263638496398925781
7.8513636589050292969 6.6236362457275390625 5.8481817245483398438 4.781818389892578125 3.8418180942535400391 3.494091033935546875 3.7295453548431396484 3.0831818580627441406 3.9936363697052001953 3.7295453548431396484 4.2245454788208007812 4.4945454597473144531 4.7845454216003417969 4.1913638114929199219 5.3745455741882324219 6.5845456123352050781 5.3854546546936035156 5.5072727203369140625 6.6968183517456054688 4.2340908050537109375 7.5309090614318847656 8.0799999237060546875 9.1613636016845703125 9.3854541778564453125 9.2331819534301757812 9.5649995803833007812 9.805454254150390625 9.9268178939819335938 9.3822727203369140625 10.096817970275878906 9.59590911865234375 9.0186367034912109375 8.4818181991577148438 7.7699999809265136719 7.189090728759765625 6.5159091949462890625 7.1663637161254882812 6.1999998092651367188 5.8245453834533691406 5.648181915283203125
6.3968181610107421875 5.4159088134765625 4.7840909957885742188 3.8590908050537109375 2.6700000762939453125 2.6013636589050292969 3.1363637447357177734 3.4695453643798828125 3.6377272605895996094 3.0940909385681152344 1.8827272653579711914 2.116363525390625 2.2118182182312011719 2.5968182086944580078 4.8186364173889160156 4.3913636207580566406 3.1418182849884033203 3.7922728061676025391 6.5040907859802246094 5.7304544448852539062 6.6490907669067382812 6.9295454025268554688 6.7277274131774902344 7.1213636398315429688 8.0427274703979492188 8.7190904617309570312 7.3790907859802246094 8.5968179702758789062 8.96227264404296875 9.4459095001220703125 9.3395452499389648438 8.47090911865234375 8.5440912246704101562 7.9436364173889160156 7.5054545402526855469 7.2336363792419433594 7.380908966064453125 7.0554547309875488281 6.2395453453063964844 6.14227294921875
4.2754545211791992188 3.3286364078521728516 3.3136363029479980469 2.84590911865234375 2.7640910148620605469 2.9340908527374267578 3.33727264404296875 3.2899999618530273438 1.163636326789855957 1.0663636922836303711 1.2118182182312011719 1.0795454978942871094 1.0318181514739990234 1.0513635873794555664 1.7440909147262573242 1.4481818675994873047 1.4500000476837158203 3.8754546642303466797 7.0831818580627441406 4.7259092330932617188 5.13681793212890625 5.4413638114929199219 5.0563635826110839844 4.9299998283386230469 5.5604543685913085938 6.17136383056640625 5.3736362457275390625 7.7240910530090332031 8.7577276229858398438 8.814090728759765625 8.3586359024047851562 7.9527273178100585938 7.1954545974731445312 7.3240909576416015625 7.1886363029479980469 6.7668180465698242188 6.8486361503601074219 8.1940908432006835938 7.7613635063171386719 6.9495453834533691406
2.6254544258117675781 2.4672727584838867188 2.2200000286102294922 2.3204545974731445312 2.5218181610107421875 2.1486363410949707031 2.4122726917266845703 2.4795453548431396484 1.0231817960739135742 0.58909088373184204102 0.55590909719467163086 0.735454559326171875 0.68636363744735717773 0.67272728681564331055 0.61681818962097167969 0.48636364936828613281 0.76636362075805664062 1.706363677978515625 4.2463636398315429688 3.6109089851379394531 3.4627273082733154297 3.0668182373046875 3.7322726249694824219 4.2718181610107421875 4.1900000572204589844 4.3277273178100585938 3.9981818199157714844 4.8640909194946289062 6.2668180465698242188 6.3640909194946289062 6.6290907859802246094 6.3136363029479980469 5.3168182373046875 6.6554546356201171875 5.851818084716796875 6.4295454025268554688 6.6663637161254882812 6.6322727203369140625 7.01727294921875 7.0599999427795410156
1.4245454072952270508 1.4068181514739990234 1.5945454835891723633 1.8886363506317138672 2.1072726249694824219 0.52772724628448486328 0.75590908527374267578 1.0031818151473999023 0.95090907812118530273 0.53954547643661499023 0.53363639116287231445 0.59500002861022949219 0.88545453548431396484 0.7204545140266418457 0.5804545283317565918 0.37363636493682861328 0.62590909004211425781 1.1309090852737426758 1.9963636398315429688 3.4581818580627441406 3.1468181610107421875 2.9336364269256591797 3.1349999904632568359 3.4686362743377685547 3.0295455455780029297 3.1618182659149169922 3.1677272319793701172 3.3090908527374267578 3.5777273178100585938 4.2199997901916503906 4.7518181800842285156 4.8499999046325683594 5.4572725296020507812 6.6495451927185058594 5.976818084716796875 6.4677271842956542969 6.8359088897705078125 7.275909423828125 6.7895455360412597656 6.8531818389892578125
1.1259090900421142578 1.2904545068740844727 1.8109090328216552734 1.6809091567993164062 1.7731817960739135742 0.55454546213150024414 0.80045455694198608398 0.90045452117919921875 0.90636366605758666992 0.49181818962097167969 0.5804545283317565918 0.5445454716682434082 0.73000001907348632812 0.82499998807907104492 0.82454544305801391602 0.53318184614181518555 0.7795454859733581543 1.4590909481048583984 1.4918181896209716797 1.8709090948104858398 2.5545454025268554688 3.2072727680206298828 2.8831818103790283203 2.6254544258117675781 2.5786364078521728516 2.4177272319793701172 2.9268181324005126953 2.7886364459991455078 3.2159090042114257812 3.2609090805053710938 3.5381817817687988281 5.0063638687133789062 5.5490908622741699219 5.6177272796630859375 5.5250000953674316406 5.0818181037902832031 5.610454559326171875 6.5540909767150878906 7.1672725677490234375 7.5131816864013671875
1.1368181705474853516 1.0177272558212280273 1.9477273225784301758 2.1654546260833740234 1.5818182229995727539 0.74727272987365722656 0.81818181276321411133 0.98818182945251464844 0.92363637685775756836 0.51681816577911376953 0.58545452356338500977 0.71227270364761352539 0.68227273225784301758 0.59681814908981323242 0.57409089803695678711 0.47636362910270690918 0.80636364221572875977 1.048636317253112793 1.2163636684417724609 1.4777272939682006836 2.5263636112213134766 4.1259093284606933594 2.7272727489471435547 2.3531818389892578125 2.4236364364624023438 2.2613637447357177734 2.7531819343566894531 3.5877273082733154297 3.2818181514739990234 3.4631817340850830078 3.1490910053253173828 4.1331820487976074219 4.5131816864013671875 5.5445456504821777344 4.4427270889282226562 4.4181818962097167969 4.4813637733459472656 5.3004546165466308594 5.8609089851379394531 6.375
1.1122727394104003906 1.0327272415161132812 1.5800000429153442383 2.6290910243988037109 1.5254545211791992188 0.8531818389892578125 0.81181818246841430664 0.85454547405242919922 0.74909090995788574219 0.74909090995788574219 0.56545454263687133789 0.59636366367340087891 0.48409089446067810059 0.40181818604469299316 0.41318181157112121582 0.3604545295238494873 0.67500001192092895508 0.97954547405242919922 1.288636326789855957 1.3786363601684570312 2.5440909862518310547 4.7172727584838867188 2.6490910053253173828 2.2136363983154296875 2.4277272224426269531 2.9559090137481689453 3.8268182277679443359 4.0804543495178222656 3.2622725963592529297 3.1636364459991455078 2.3959090709686279297 2.5663635730743408203 3.1145453453063964844 3.6186363697052001953 3.3454544544219970703 3.5322728157043457031 3.8363635540008544922 3.9290909767150878906 5.0131816864013671875 5.4236364364624023438
1.1872726678848266602 0.91090911626815795898 1.0872727632522583008 1.3090909719467163086 1.4359090328216552734 1.317727208137512207 0.88681817054748535156 0.91727274656295776367 0.889545440673828125 0.74090909957885742188 0.67136365175247192383 0.65545457601547241211 0.59454542398452758789 0.49954545497894287109 0.40636363625526428223 0.55000001192092895508 0.61000001430511474609 0.85500001907348632812 1.2590909004211425781 1.538636326789855957 2.8268182277679443359 5.5822725296020507812 2.7436363697052001953 2.6195454597473144531 2.5704545974731445312 2.7863636016845703125 3.4659090042114257812 3.2127273082733154297 2.8404545783996582031 2.5718181133270263672 2.5890908241271972656 2.83727264404296875 3.0990910530090332031 3.0909090042114257812 3.0713636875152587891 2.6140909194946289062 2.9463636875152587891 2.8550000190734863281 4.1409091949462890625 4.5409088134765625
1.4968181848526000977 1.2495454549789428711 1.3986363410949707031 1.0459090471267700195 1.1872727870941162109 1.5468181371688842773 1.3186364173889160156 0.93590909242630004883 1.0268181562423706055 0.97772729396820068359 1.2622727155685424805 1.0327272415161132812 0.90681821107864379883 0.72227275371551513672 0.71909087896347045898 0.88272726535797119141 0.64227271080017089844 0.76181817054748535156 1.0668182373046875 1.8127272129058837891 3.1372725963592529297 3.4331817626953125 3.0745453834533691406 3.2868182659149169922 2.5809090137481689453 2.9777271747589111328 3.3090908527374267578 2.8927273750305175781 2.2704546451568603516 2.6777272224426269531 2.9449999332427978516 2.8668181896209716797 2.5504546165466308594 3.2813637256622314453 3.1963636875152587891 2.3699998855590820312 2.7004544734954833984 3.1472728252410888672 3.7609090805053710938 4.3090910911560058594
1.956363677978515625 1.9213635921478271484 1.7272727489471435547 1.6281818151473999023 1.4859091043472290039 1.7759090662002563477 1.6272727251052856445 1.384545445442199707 1.4127272367477416992 1.6331818103790283203 1.6268181800842285156 1.3340909481048583984 1.1709090471267700195 1.1381818056106567383 1.173636317253112793 1.134545445442199707 0.97181814908981323242 1.0427272319793701172 1.5954545736312866211 2.1236362457275390625 2.9318182468414306641 2.6409089565277099609 3.1754546165466308594 3.0540909767150878906 2.8059091567993164062 2.7736363410949707031 2.5481817722320556641 2.8131818771362304688 2.5499999523162841797 2.8368182182312011719 3.5672726631164550781 2.9681818485260009766 2.7222726345062255859 3.4390909671783447266 2.8745453357696533203 3.133636474609375 2.3586363792419433594 3.1731817722320556641 4.0240907669067382812 4.1972727775573730469
1.8613636493682861328 1.9118181467056274414 1.7136363983154296875 1.7813636064529418945 1.9413635730743408203 1.9827272891998291016 1.7699999809265136719 1.3836363554000854492 1.6377272605895996094 1.9345453977584838867 2.1290910243988037109 1.5972727537155151367 1.2181818485260009766 1.4340909719467163086 1.5018181800842285156 1.4177272319793701172 1.6572726964950561523 1.6131818294525146484 2.0609090328216552734 2.2704546451568603516 2.3209090232849121094 2.2381818294525146484 2.6099998950958251953 2.5204546451568603516 2.8295454978942871094 2.7563636302947998047 2.5659091472625732422 2.5268182754516601562 2.9863636493682861328 3.7249999046325683594 3.1604545116424560547 3.2754545211791992188 2.6359090805053710938 2.8186364173889160156 2.7895455360412597656 3.2131817340850830078 2.7118182182312011719 2.5863635540008544922 3.3218181133270263672 3.4309091567993164062
2.0759091377258300781 2.1536364555358886719 2.0272727012634277344 1.913636326789855957 2.0754544734954833984 2.1459090709686279297 2.2972726821899414062 2.0672726631164550781 2.0177273750305175781 2.0754544734954833984 2.351818084716796875 2.1613636016845703125 1.5986363887786865234 1.6900000572204589844 1.7050000429153442383 1.7136363983154296875 1.7372727394104003906 1.9190908670425415039 2.7972726821899414062 1.7172727584838867188 1.9781818389892578125 1.7340909242630004883 1.9581817388534545898 2.1654546260833740234 2.6290910243988037109 2.4818181991577148438 2.4800000190734863281 3.1781818866729736328 4.5004544258117675781 2.8972728252410888672 2.5550000667572021484 2.1836364269256591797 2.2650001049041748047 2.3477272987365722656 2.7240910530090332031 2.4872727394104003906 2.6345453262329101562 2.3454544544219970703 2.6900000572204589844 3.1804544925689697266
2.3668181896209716797 2.3654544353485107422 2.5309090614318847656 2.4990909099578857422 1.961363673210144043 2.3286364078521728516 2.5150001049041748047 2.5554544925689697266 2.741363525390625 3.0022726058959960938 2.7572727203369140625 2.4440908432006835938 2.6213636398315429688 2.0431818962097167969 1.9504545927047729492 1.9390908479690551758 2.1181817054748535156 2.0950000286102294922 2.8949999809265136719 1.5736364126205444336 1.9009090662002563477 1.7618181705474853516 1.9809091091156005859 1.9204545021057128906 2.3295454978942871094 2.2422726154327392578 2.8877272605895996094 5.4277272224426269531 4.2345457077026367188 2.2490909099578857422 1.610454559326171875 1.6918181180953979492 1.9077272415161132812 2.3418183326721191406 2.2590909004211425781 2.4840908050537109375 2.2459089756011962891 2.3599998950958251953 2.2300000190734863281 2.4140908718109130859
