temp/noaa.asc
ncols        144
nrows        72
xllcorner    0.000000000000
yllcorner    -90.000000000000
cellsize     2.500000000000
NODATA_value -9.9692099683868690468e+36
[rows 36 to 53 of 72, columns 0 to 39 of 144]
6.6440911293029785156 6.4268183708190917969 8.0327272415161132812 7.3281817436218261719 6.8899998664855957031 6.8995456695556640625 5.2318181991577148438 5.8727273941040039062 6.25 6.491363525390625 7.8468179702758789062 4.9159088134765625 7.1154546737670898438 6.2759089469909667969 5.5972728729248046875 5.1113638877868652344 3.1959090232849121094 2.741363525390625 1.9936363697052001953 1.7131818532943725586 1.1231818199157714844 1.3386363983154296875 2.0786364078521728516 2.6918182373046875 3.4818181991577148438 3.9890909194946289062 4.5918183326721191406 5.4499998092651367188 5.4004545211791992188 5.8990907669067382812 6.5650000572204589844 7.4627275466918945312 8.4695453643798828125 9.2377271652221679688 7.8368182182312011719 7.8490910530090332031 8.86318206787109375 8.740909576416015625 10.067273139953613281 10.721817970275878906
3.6790909767150878906 4.9986362457275390625 6.2350001335144042969 7.0036363601684570312 5.7772727012634277344 6.6136364936828613281 6.2118182182312011719 5.8077273368835449219 6.6440911293029785156 5.9122724533081054688 6.3540911674499511719 4.1668181419372558594 4.8654546737670898438 4.965000152587890625 6.1963634490966796875 5.5304546356201171875 5.0540909767150878906 3.3563635349273681641 2.8722727298736572266 1.9268181324005126953 2.8386363983154296875 2.3900001049041748047 3.5731818675994873047 4.0050001144409179688 4.5272727012634277344 6.1763634681701660156 5.8918180465698242188 5.9372725486755371094 5.2909092903137207031 5.008636474609375 5.5236363410949707031 7.456363677978515625 9.1968183517456054688 8.6036367416381835938 7.4140906333923339844 8.2899999618530273438 8.3900003433227539062 7.6377272605895996094 8.4409093856811523438 10.218181610107421875
0.93727272748947143555 1.7022727727890014648 2.7968182563781738281 5.22954559326171875 4.4400000572204589844 5.3113636970520019531 6.5922727584838867188 5.0749998092651367188 5.9781818389892578125 5.9254546165466308594 3.5172727108001708984 3.1504545211791992188 4.0722727775573730469 3.9731817245483398438 4.2763638496398925781 8.5663633346557617188 5.5445456504821777344 4.3404545783996582031 4.8600001335144042969 4.7977271080017089844 4.6145453453063964844 4.1886363029479980469 3.4731817245483398438 4.1790909767150878906 4.6168179512023925781 5.7140908241271972656 6.994091033935546875 6.0072727203369140625 5.6072726249694824219 6.3036365509033203125 6.9695453643798828125 6.7709093093872070312 7.9009089469909667969 8.9590911865234375 8.7572727203369140625 8.7090911865234375 8.2100000381469726562 8.715000152587890625 8.97090911865234375 9.5045452117919921875
0.27454546093940734863 0.47681817412376403809 0.67954546213150024414 3.0345454216003417969 4.1740908622741699219 4.8613634109497070312 4.5954546928405761719 3.4581818580627441406 3.5081818103790283203 3.8777272701263427734 2.8963637351989746094 3.5390908718109130859 3.4790909290313720703 4.177272796630859375 5.3390908241271972656 6.9631819725036621094 5.4140911102294921875 4.3759088516235351562 4.4699997901916503906 5.3536362648010253906 4.8768181800842285156 4.3563637733459472656 4.4386363029479980469 4.2336363792419433594 4.7677273750305175781 5.2186365127563476562 6.5545454025268554688 5.8986363410949707031 5.8695454597473144531 6.7127270698547363281 7.3822727203369140625 7.6090908050537109375 7.8490910530090332031 8.0004549026489257812 8.7659091949462890625 8.7227277755737304688 9.0054540634155273438 8.5500001907348632812 9.4263639450073242188 9.2259092330932617188
0.086818180978298187256 0.15318182110786437988 0.16454546153545379639 1.5022727251052856445 2.5150001049041748047 3.5895454883575439453 2.4000000953674316406 1.3822727203369140625 1.3418182134628295898 2.3127272129058837891 2.0277273654937744141 1.7131818532943725586 2.1640908718109130859 3.5072727203369140625 3.9454545974731445312 3.726818084716796875 3.7686364650726318359 3.8963637351989746094 3.7109091281890869141 4.5295453071594238281 5.3872728347778320312 4.4459090232849121094 4.4118180274963378906 4.2418184280395507812 4.7031817436218261719 4.7236361503601074219 5.7213635444641113281 6.1204547882080078125 6.8322725296020507812 6.7022728919982910156 7.8299999237060546875 7.0077271461486816406 7.273181915283203125 8.1604547500610351562 7.6177272796630859375 6.9059090614318847656 6.9740910530090332031 6.8390908241271972656 7.9377274513244628906 7.7800002098083496094
0.047272726893424987793 0.084545455873012542725 0.08636363595724105835 0.72318184375762939453 0.15181818604469299316 0.41363635659217834473 1.1654545068740844727 0.79181820154190063477 0.78590905666351318359 1.1922727823257446289 1.090909123420715332 1.0850000381469726562 1.0927273035049438477 1.5963636636734008789 1.9445455074310302734 2.2745454311370849609 2.5563635826110839844 2.7813637256622314453 3.4327273368835449219 5.1204543113708496094 6.7722725868225097656 4.4577274322509765625 4.014545440673828125 4.156818389892578125 4.1227273941040039062 4.5327272415161132812 5.1354546546936035156 6.5850000381469726562 5.4245452880859375 5.418636322021484375 5.834545135498046875 6.610454559326171875 6.6672725677490234375 5.8472728729248046875 4.7536363601684570312 5.4618182182312011719 5.4754548072814941406 5.8890910148620605469 6.156818389892578125 6.1709089279174804688
0.053181819617748260498 0.059545453637838363647 0.106363639235496521 0.3090909123420715332 0.09772726893424987793 0.50863635540008544922 0.55681818723678588867 0.55500000715255737305 0.5 0.82681816816329956055 0.62909090518951416016 0.88909089565277099609 0.84454548358917236328 0.9340909123420715332 2.6663637161254882812 2.7254545688629150391 2.4059090614318847656 1.7336363792419433594 2.802272796630859375 7.5836362838745117188 8.73272705078125 4.4781818389892578125 4.4759092330932617188 5.1181817054748535156 5.0209093093872070312 4.2904543876647949219 4.014545440673828125 4.697727203369140625 4.9354543685913085938 5.1468181610107421875 5.9968180656433105469 5 5.8659090995788574219 6.0413637161254882812 4.5618181228637695312 4.4036364555358886719 3.9918181896209716797 3.9331817626953125 4.1754546165466308594 4.3572726249694824219
0.04909091070294380188 0.03727272525429725647 0.044545453041791915894 0.19909091293811798096 0.089090906083583831787 0.35636365413665771484 0.73136365413665771484 0.65681821107864379883 0.52409088611602783203 0.5736363530158996582 0.63909089565277099609 0.94681817293167114258 1.0636364221572875977 2.0218181610107421875 3.4081819057464599609 1.6181818246841430664 1.4304544925689697266 1.5331817865371704102 2.7509090900421142578 6.4850001335144042969 5.6913638114929199219 4.1509089469909667969 4.5031819343566894531 4.6722726821899414062 3.4531817436218261719 3.3263635635375976562 3.1881818771362304688 3.7368180751800537109 4.4427270889282226562 3.5418181419372558594 3.985454559326171875 3.331363677978515625 3.4027273654937744141 3.2522726058959960938 3.1036362648010253906 2.7386362552642822266 2.4159090518951416016 2.3909091949462890625 2.0340909957885742188 2.1849999427795410156
0.068636365234851837158 0.072272725403308868408 0.057727273553609848022 0.15590909123420715332 0.18863636255264282227 0.28363636136054992676 0.74363636970520019531 0.82590907812118530273 0.71863633394241333008 0.50954544544219970703 0.54545456171035766602 0.71909093856811523438 0.86909091472625732422 1.8963636159896850586 2.4368181228637695312 1.1863636970520019531 1.0668182373046875 0.72500002384185791016 2.5540909767150878906 6.1636362075805664062 4.2386364936828613281 3.2968182563781738281 3.3586363792419433594 3.6722726821899414062 2.3009090423583984375 2.6300001144409179688 2.4900000095367431641 2.7245454788208007812 2.4690909385681152344 1.8927272558212280273 3.2599999904632568359 3.1359090805053710938 2.648181915283203125 2.6109089851379394531 2.3904545307159423828 1.65409088134765625 2.1704545021057128906 1.7781817913055419922 1.4777272939682006836 1.673636317253112793
0.14954544603824615479 0.088181816041469573975 0.106363639235496521 0.079999998211860656738 0.24409091472625732422 0.12772727012634277344 0.5072727203369140625 0.64909088611602783203 0.735454559326171875 0.82181817293167114258 0.69045454263687133789 0.85636365413665771484 1.0704545974731445312 1.7581818103790283203 2.1359090805053710938 1.2140909433364868164 1.2236363887786865234 0.90727269649505615234 3.5250000953674316406 6.648181915283203125 3.7349998950958251953 3.3209090232849121094 2.8590908050537109375 2.4881818294525146484 1.9886363744735717773 2.0963635444641113281 2.0695455074310302734 2.3722727298736572266 1.8090909719467163086 1.4931818246841430664 1.8513636589050292969 3.3018181324005126953 2.4590909481048583984 2.0650000572204589844 2.0018181800842285156 1.9640909433364868164 1.3759090900421142578 1.5186363458633422852 1.355454564094543457 1.2909090518951416016
0.29045453667640686035 0.23818181455135345459 0.27136364579200744629 0.1836363673210144043 0.31272727251052856445 0.40090909600257873535 0.31363636255264282227 0.4777272641658782959 0.76136362552642822266 0.97545456886291503906 1.1327272653579711914 1.1150000095367431641 1.370000004768371582 1.5295454263687133789 2.2513637542724609375 1.6145454645156860352 1.6909090280532836914 2.2477273941040039062 3.6272726058959960938 3.8154544830322265625 3.2622728347778320312 3.5545454025268554688 3.3395454883575439453 2.1277272701263427734 1.9918181896209716797 1.5504544973373413086 1.9672727584838867188 2.3018181324005126953 2.0399999618530273438 1.8445454835891723633 2.1595454216003417969 2.2672727108001708984 1.8190908432006835938 1.2513636350631713867 0.98954546451568603516 1.09590911865234375 1.5568182468414306641 1.7386363744735717773 1.3772727251052856445 1.3386363983154296875
0.66636365652084350586 0.44318181276321411133 0.39954546093940734863 0.28590908646583557129 0.44363635778427124023 0.60090911388397216797 0.34409090876579284668 0.4777272641658782959 0.55545455217361450195 0.91863638162612915039 1.1831818819046020508 1.4445453882217407227 1.7995454072952270508 2.6595454216003417969 2.8931818008422851562 2.2995455265045166016 2.3627271652221679688 2.4940907955169677734 3.0695455074310302734 2.8763637542724609375 2.9936363697052001953 3.3259091377258300781 2.7136363983154296875 2.4109091758728027344 2.0604546070098876953 1.5495455265045166016 1.8609091043472290039 2.0527272224426269531 2.1040909290313720703 1.9995454549789428711 1.7968181371688842773 1.8227273225784301758 1.5209090709686279297 1.1840909719467163086 1.2145454883575439453 1.0768182277679443359 1.3759090900421142578 1.6013636589050292969 1.6018182039260864258 1.2731817960739135742
1.2868181467056274414 1.1554545164108276367 0.75409090518951416016 0.69999998807907104492 1.2577272653579711914 0.87772727012634277344 0.48636364936828613281 0.61545455455780029297 0.67181819677352905273 0.80954545736312866211 1.1827272176742553711 1.6581817865371704102 2.1368181705474853516 3.3363635540008544922 3.6477272510528564453 3.4745454788208007812 3.0104546546936035156 2.5459091663360595703 2.947727203369140625 2.3368182182312011719 3.0927271842956542969 2.3550000190734863281 2.0331819057464599609 2.1663637161254882812 2.0509090423583984375 1.7427272796630859375 2.3613636493682861328 2.3377273082733154297 2.1649999618530273438 2.1436364650726318359 2.0618181228637695312 1.5822727680206298828 1.8949999809265136719 1.9081817865371704102 1.7222727537155151367 1.8600000143051147461 2.1727273464202880859 2.0431818962097167969 1.7445454597473144531 1.4372727870941162109
2.7431819438934326172 1.8486363887786865234 1.668636322021484375 1.2172727584838867188 1.3122727870941162109 1.274090886116027832 1.2495454549789428711 1.1931818723678588867 1.2168182134628295898 1.2154545783996582031 1.4827272891998291016 1.7554545402526855469 3.1404545307159423828 3.5899999141693115234 4.2272729873657226562 4.3063635826110839844 3.8345453739166259766 3.6277272701263427734 3.0886363983154296875 2.4977273941040039062 2.226818084716796875 2.2236363887786865234 2.1436364650726318359 1.7468181848526000977 1.8381818532943725586 1.9809091091156005859 2.4586362838745117188 2.8418180942535400391 1.8886363506317138672 1.8036364316940307617 2.1431818008422851562 1.8631818294525146484 1.7381818294525146484 2.0704545974731445312 1.7468181848526000977 2.1549999713897705078 2.3790907859802246094 1.8381818532943725586 1.6545454263687133789 1.5600000619888305664
2.78772735595703125 2.7772727012634277344 2.0650000572204589844 1.6927273273468017578 1.2927272319793701172 1.3395454883575439453 1.7759090662002563477 2.0299999713897705078 2.2104544639587402344 2.3949999809265136719 2.2922728061676025391 2.5072727203369140625 3.3445453643798828125 3.7031817436218261719 4.84590911865234375 4.264545440673828125 4.4450001716613769531 3.8672726154327392578 3.6504545211791992188 2.7777273654937744141 2.1913635730743408203 1.8736363649368286133 2.0722727775573730469 1.9372727870941162109 1.6190909147262573242 1.8804545402526855469 2.0345454216003417969 2.4418182373046875 2.2100000381469726562 1.8422727584838867188 2.2018182277679443359 1.7768181562423706055 1.5954545736312866211 1.9299999475479125977 1.7822726964950561523 1.5222727060317993164 1.8086364269256591797 1.9022727012634277344 1.6195454597473144531 2.2518181800842285156
2.5 2.3686363697052001953 2.241363525390625 2.0850000381469726562 2.2127273082733154297 2.0331819057464599609 2.3645453453063964844 2.6863636970520019531 2.8099999427795410156 2.7000000476837158203 2.3004546165466308594 2.8818180561065673828 3.3345453739166259766 4.6681818962097167969 4.7513637542724609375 4.1140909194946289062 4.4222726821899414062 4.5513634681701660156 3.9090909957885742188 3.8781816959381103516 3.0050001144409179688 2.5059092044830322266 2.2995455265045166016 2.2713637351989746094 2.0109090805053710938 2.2990908622741699219 1.8963636159896850586 1.811818242073059082 1.9363635778427124023 1.9245454072952270508 2.0736362934112548828 2.1131818294525146484 2.0804545879364013672 2.1409091949462890625 2.0399999618530273438 1.7977272272109985352 1.855454564094543457 1.8659090995788574219 1.7718181610107421875 1.8818181753158569336
3.3204545974731445312 2.572727203369140625 2.3849999904632568359 2.6377272605895996094 2.3254544734954833984 2.5054545402526855469 2.4304544925689697266 2.6654546260833740234 2.7836363315582275391 2.8431818485260009766 2.5999999046325683594 2.4772727489471435547 3.4818181991577148438 3.5068180561065673828 3.7240908145904541016 4.1368184089660644531 4.081363677978515625 4.4886364936828613281 4.0599999427795410156 3.6440908908843994141 3.6077272891998291016 3.3140909671783447266 2.8104546070098876953 2.7054545879364013672 2.4627273082733154297 2.2795455455780029297 2.5445454120635986328 2.3968181610107421875 2.1786363124847412109 2.1300001144409179688 2.2495455741882324219 2.0227272510528564453 2.0354545116424560547 2.1359090805053710938 2.2818181514739990234 2.1399998664855957031 2.1904544830322265625 2.0945453643798828125 2.1959090232849121094 2.1068181991577148438
3.6781818866729736328 3.4609091281890869141 2.9104545116424560547 2.9909090995788574219 2.2563636302947998047 2.6463637351989746094 2.4431817531585693359 2.1845455169677734375 2.5177273750305175781 2.7572727203369140625 3.0150001049041748047 2.6868181228637695312 2.9459090232849121094 2.7336363792419433594 3.2049999237060546875 2.8786363601684570312 3.5981817245483398438 3.8381817340850830078 3.5790908336639404297 3.7240908145904541016 3.5977272987365722656 3.4768183231353759766 3.4340908527374267578 3.7618181705474853516 3.2463636398315429688 2.8763637542724609375 2.8081817626953125 3.2200000286102294922 2.8445453643798828125 2.4495453834533691406 2.383636474609375 2.3845455646514892578 2.1009089946746826172 2.6636364459991455078 2.6645455360412597656 2.4481818675994873047 2.0004544258117675781 2.3786363601684570312 2.918636322021484375 2.3140909671783447266
